            1            1       0.18394873894722294
            2            1       0.27970467978221242
            2            2      -9.2102319444796840E-002
            3            1      -0.65777273943143921
            3            2       0.29221580095213856
            3            3      -3.2041289764490104E-002
            4            1       1.5597796051442054E-002
            4            2      -6.4810164456914829E-002
            4            3       4.1917079643761075E-002
            4            4      -6.1840948961731316E-003
            5            1      -0.50727962376444280
            5            2       0.48452540191231375
            5            3      -0.16835191296049737
            5            4       3.1263495684671475E-002
            5            5      -2.1178450678954229E-003
            6            1       6.8053348163997260E-002
            6            2      -9.1200759089252348E-002
            6            3       3.8333490932211528E-002
            6            4      -5.4139989113936166E-003
            6            5       8.0522105541944958E-004
            6            6      -1.2125451161662297E-004
